#include <vector>
#include <ctime>


// Particle structure representing a potential solution
struct Particle 
{
    std::vector<float> position;          // Real-valued position vector
    std::vector<float> velocity;          // Real-valued velocity vector
    float personalBest;                   // Best personal objective value encountered by this particle
    std::vector<float> personalBestPosition; // Best personal position encountered by this particle
};

// GlobalBest structure representing the best solution found by the swarm
struct GlobalBest {
    float value;                          // Best global objective value encountered by the swarm
    std::vector<float> position;          // Real-valued position vector representing the best global solution
};

int main() 
{
    // Initialize random seed
    srand(static_cast<unsigned>(time(nullptr)));

    // Define parameters as in the paper
    const float w = 0.729;   // Inertia weight
    const float c1 = 1.4955; // Cognitive weight
    const float c2 = 1.4955; // Social weight
    const int t_max = 10000; // Maximum number of iterations
    const int numParticles = 30; // Number of particles swarm, may vary

    // Define the Q matrix, its size and result value of real solution
    // Example is from 'A Tutorial on Formulating and Using QUBO Models'
    std::vector<std::vector<float>> Q = 
    {
        {-3525, 175, 325, 775, 1050, 425, 525, 250},
        {175, -1113, 91, 217, 294, 119, 147, 70},
        {325, 91, -1989, 403, 546, 221, 273, 130},
        {775, 217, 403, -4185, 1302, 527, 651, 310},
        {1050, 294, 546, 1302, -5208, 714, 882, 420},
        {425, 119, 221, 527, 714, -2533, 357, 170},
        {525, 147, 273, 651, 882, 357, -3045, 210},
        {250, 70, 130, 310, 420, 170, 210, -1560}
    };
    size_t Q_size = Q.size();
    const float fOptimal = -6889.0f; // Known optimal objective value for comparison
}